900101
900102
900103
900104
900105
900106
900107
900108
900109
900110
900111
900112
900113
900114
900115
900116
900117
900118
900119
900120
900121
900122
900123
900124
900125
900126
900127
900128
900129
900130
900131
900201
900202
900203
900204
900205
900206
900207
900208
900209
900210
900211
900212
900213
900214
900215
900216
900217
900218
900219
900220
900221
900222
900223
900224
900225
900226
900227
900228
900229
900230
900231
900301
900302
900303
900304
900305
900306
900307
900308
900309
900310
900311
900312
900313
900314
900315
900316
900317
900318
900319
900320
900321
900322
900323
900324
900325
900326
900327
900328
900329
900330
900331
900401
900402
900403
900404
900405
900406
900407
900408
900409
900410
900411
900412
900413
900414
900415
900416
900417
900418
900419
900420
900421
900422
900423
900424
900425
900426
900427
900428
900429
900430
900431
900501
900502
900503
900504
900505
900506
900507
900508
900509
900510
900511
900512
900513
900514
900515
900516
900517
900518
900519
900520
900521
900522
900523
900524
900525
900526
900527
900528
900529
900530
900531
900601
900602
900603
900604
900605
900606
900607
900608
900609
900610
900611
900612
900613
900614
900615
900616
900617
900618
900619
900620
900621
900622
900623
900624
900625
900626
900627
900628
900629
900630
900631
900701
900702
900703
900704
900705
900706
900707
900708
900709
900710
900711
900712
900713
900714
900715
900716
900717
900718
900719
900720
900721
900722
900723
900724
900725
900726
900727
900728
900729
900730
900731
900801
900802
900803
900804
900805
900806
900807
900808
900809
900810
900811
900812
900813
900814
900815
900816
900817
900818
900819
900820
900821
900822
900823
900824
900825
900826
900827
900828
900829
900830
900831
900901
900902
900903
900904
900905
900906
900907
900908
900909
900910
900911
900912
900913
900914
900915
900916
900917
900918
900919
900920
900921
900922
900923
900924
900925
900926
900927
900928
900929
900930
900931
901001
901002
901003
901004
901005
901006
901007
901008
901009
901010
901011
901012
901013
901014
901015
901016
901017
901018
901019
901020
901021
901022
901023
901024
901025
901026
901027
901028
901029
901030
901031
901101
901102
901103
901104
901105
901106
901107
901108
901109
901110
901111
901112
901113
901114
901115
901116
901117
901118
901119
901120
901121
901122
901123
901124
901125
901126
901127
901128
901129
901130
901131
901201
901202
901203
901204
901205
901206
901207
901208
901209
901210
901211
901212
901213
901214
901215
901216
901217
901218
901219
901220
901221
901222
901223
901224
901225
901226
901227
901228
901229
901230
901231
910101
910102
910103
910104
910105
910106
910107
910108
910109
910110
910111
910112
910113
910114
910115
910116
910117
910118
910119
910120
910121
910122
910123
910124
910125
910126
910127
910128
910129
910130
910131
910201
910202
910203
910204
910205
910206
910207
910208
910209
910210
910211
910212
910213
910214
910215
910216
910217
910218
910219
910220
910221
910222
910223
910224
910225
910226
910227
910228
910229
910230
910231
910301
910302
910303
910304
910305
910306
910307
910308
910309
910310
910311
910312
910313
910314
910315
910316
910317
910318
910319
910320
910321
910322
910323
910324
910325
910326
910327
910328
910329
910330
910331
910401
910402
910403
910404
910405
910406
910407
910408
910409
910410
910411
910412
910413
910414
910415
910416
910417
910418
910419
910420
910421
910422
910423
910424
910425
910426
910427
910428
910429
910430
910431
910501
910502
910503
910504
910505
910506
910507
910508
910509
910510
910511
910512
910513
910514
910515
910516
910517
910518
910519
910520
910521
910522
910523
910524
910525
910526
910527
910528
910529
910530
910531
910601
910602
910603
910604
910605
910606
910607
910608
910609
910610
910611
910612
910613
910614
910615
910616
910617
910618
910619
910620
910621
910622
910623
910624
910625
910626
910627
910628
910629
910630
910631
910701
910702
910703
910704
910705
910706
910707
910708
910709
910710
910711
910712
910713
910714
910715
910716
910717
910718
910719
910720
910721
910722
910723
910724
910725
910726
910727
910728
910729
910730
910731
910801
910802
910803
910804
910805
910806
910807
910808
910809
910810
910811
910812
910813
910814
910815
910816
910817
910818
910819
910820
910821
910822
910823
910824
910825
910826
910827
910828
910829
910830
910831
910901
910902
910903
910904
910905
910906
910907
910908
910909
910910
910911
910912
910913
910914
910915
910916
910917
910918
910919
910920
910921
910922
910923
910924
910925
910926
910927
910928
910929
910930
910931
911001
911002
911003
911004
911005
911006
911007
911008
911009
911010
911011
911012
911013
911014
911015
911016
911017
911018
911019
911020
911021
911022
911023
911024
911025
911026
911027
911028
911029
911030
911031
911101
911102
911103
911104
911105
911106
911107
911108
911109
911110
911111
911112
911113
911114
911115
911116
911117
911118
911119
911120
911121
911122
911123
911124
911125
911126
911127
911128
911129
911130
911131
911201
911202
911203
911204
911205
911206
911207
911208
911209
911210
911211
911212
911213
911214
911215
911216
911217
911218
911219
911220
911221
911222
911223
911224
911225
911226
911227
911228
911229
911230
911231
920101
920102
920103
920104
920105
920106
920107
920108
920109
920110
920111
920112
920113
920114
920115
920116
920117
920118
920119
920120
920121
920122
920123
920124
920125
920126
920127
920128
920129
920130
920131
920201
920202
920203
920204
920205
920206
920207
920208
920209
920210
920211
920212
920213
920214
920215
920216
920217
920218
920219
920220
920221
920222
920223
920224
920225
920226
920227
920228
920229
920230
920231
920301
920302
920303
920304
920305
920306
920307
920308
920309
920310
920311
920312
920313
920314
920315
920316
920317
920318
920319
920320
920321
920322
920323
920324
920325
920326
920327
920328
920329
920330
920331
920401
920402
920403
920404
920405
920406
920407
920408
920409
920410
920411
920412
920413
920414
920415
920416
920417
920418
920419
920420
920421
920422
920423
920424
920425
920426
920427
920428
920429
920430
920431
920501
920502
920503
920504
920505
920506
920507
920508
920509
920510
920511
920512
920513
920514
920515
920516
920517
920518
920519
920520
920521
920522
920523
920524
920525
920526
920527
920528
920529
920530
920531
920601
920602
920603
920604
920605
920606
920607
920608
920609
920610
920611
920612
920613
920614
920615
920616
920617
920618
920619
920620
920621
920622
920623
920624
920625
920626
920627
920628
920629
920630
920631
920701
920702
920703
920704
920705
920706
920707
920708
920709
920710
920711
920712
920713
920714
920715
920716
920717
920718
920719
920720
920721
920722
920723
920724
920725
920726
920727
920728
920729
920730
920731
920801
920802
920803
920804
920805
920806
920807
920808
920809
920810
920811
920812
920813
920814
920815
920816
920817
920818
920819
920820
920821
920822
920823
920824
920825
920826
920827
920828
920829
920830
920831
920901
920902
920903
920904
920905
920906
920907
920908
920909
920910
920911
920912
920913
920914
920915
920916
920917
920918
920919
920920
920921
920922
920923
920924
920925
920926
920927
920928
920929
920930
920931
921001
921002
921003
921004
921005
921006
921007
921008
921009
921010
921011
921012
921013
921014
921015
921016
921017
921018
921019
921020
921021
921022
921023
921024
921025
921026
921027
921028
921029
921030
921031
921101
921102
921103
921104
921105
921106
921107
921108
921109
921110
921111
921112
921113
921114
921115
921116
921117
921118
921119
921120
921121
921122
921123
921124
921125
921126
921127
921128
921129
921130
921131
921201
921202
921203
921204
921205
921206
921207
921208
921209
921210
921211
921212
921213
921214
921215
921216
921217
921218
921219
921220
921221
921222
921223
921224
921225
921226
921227
921228
921229
921230
921231
930101
930102
930103
930104
930105
930106
930107
930108
930109
930110
930111
930112
930113
930114
930115
930116
930117
930118
930119
930120
930121
930122
930123
930124
930125
930126
930127
930128
930129
930130
930131
930201
930202
930203
930204
930205
930206
930207
930208
930209
930210
930211
930212
930213
930214
930215
930216
930217
930218
930219
930220
930221
930222
930223
930224
930225
930226
930227
930228
930229
930230
930231
930301
930302
930303
930304
930305
930306
930307
930308
930309
930310
930311
930312
930313
930314
930315
930316
930317
930318
930319
930320
930321
930322
930323
930324
930325
930326
930327
930328
930329
930330
930331
930401
930402
930403
930404
930405
930406
930407
930408
930409
930410
930411
930412
930413
930414
930415
930416
930417
930418
930419
930420
930421
930422
930423
930424
930425
930426
930427
930428
930429
930430
930431
930501
930502
930503
930504
930505
930506
930507
930508
930509
930510
930511
930512
930513
930514
930515
930516
930517
930518
930519
930520
930521
930522
930523
930524
930525
930526
930527
930528
930529
930530
930531
930601
930602
930603
930604
930605
930606
930607
930608
930609
930610
930611
930612
930613
930614
930615
930616
930617
930618
930619
930620
930621
930622
930623
930624
930625
930626
930627
930628
930629
930630
930631
930701
930702
930703
930704
930705
930706
930707
930708
930709
930710
930711
930712
930713
930714
930715
930716
930717
930718
930719
930720
930721
930722
930723
930724
930725
930726
930727
930728
930729
930730
930731
930801
930802
930803
930804
930805
930806
930807
930808
930809
930810
930811
930812
930813
930814
930815
930816
930817
930818
930819
930820
930821
930822
930823
930824
930825
930826
930827
930828
930829
930830
930831
930901
930902
930903
930904
930905
930906
930907
930908
930909
930910
930911
930912
930913
930914
930915
930916
930917
930918
930919
930920
930921
930922
930923
930924
930925
930926
930927
930928
930929
930930
930931
931001
931002
931003
931004
931005
931006
931007
931008
931009
931010
931011
931012
931013
931014
931015
931016
931017
931018
931019
931020
931021
931022
931023
931024
931025
931026
931027
931028
931029
931030
931031
931101
931102
931103
931104
931105
931106
931107
931108
931109
931110
931111
931112
931113
931114
931115
931116
931117
931118
931119
931120
931121
931122
931123
931124
931125
931126
931127
931128
931129
931130
931131
931201
931202
931203
931204
931205
931206
931207
931208
931209
931210
931211
931212
931213
931214
931215
931216
931217
931218
931219
931220
931221
931222
931223
931224
931225
931226
931227
931228
931229
931230
931231
940101
940102
940103
940104
940105
940106
940107
940108
940109
940110
940111
940112
940113
940114
940115
940116
940117
940118
940119
940120
940121
940122
940123
940124
940125
940126
940127
940128
940129
940130
940131
940201
940202
940203
940204
940205
940206
940207
940208
940209
940210
940211
940212
940213
940214
940215
940216
940217
940218
940219
940220
940221
940222
940223
940224
940225
940226
940227
940228
940229
940230
940231
940301
940302
940303
940304
940305
940306
940307
940308
940309
940310
940311
940312
940313
940314
940315
940316
940317
940318
940319
940320
940321
940322
940323
940324
940325
940326
940327
940328
940329
940330
940331
940401
940402
940403
940404
940405
940406
940407
940408
940409
940410
940411
940412
940413
940414
940415
940416
940417
940418
940419
940420
940421
940422
940423
940424
940425
940426
940427
940428
940429
940430
940431
940501
940502
940503
940504
940505
940506
940507
940508
940509
940510
940511
940512
940513
940514
940515
940516
940517
940518
940519
940520
940521
940522
940523
940524
940525
940526
940527
940528
940529
940530
940531
940601
940602
940603
940604
940605
940606
940607
940608
940609
940610
940611
940612
940613
940614
940615
940616
940617
940618
940619
940620
940621
940622
940623
940624
940625
940626
940627
940628
940629
940630
940631
940701
940702
940703
940704
940705
940706
940707
940708
940709
940710
940711
940712
940713
940714
940715
940716
940717
940718
940719
940720
940721
940722
940723
940724
940725
940726
940727
940728
940729
940730
940731
940801
940802
940803
940804
940805
940806
940807
940808
940809
940810
940811
940812
940813
940814
940815
940816
940817
940818
940819
940820
940821
940822
940823
940824
940825
940826
940827
940828
940829
940830
940831
940901
940902
940903
940904
940905
940906
940907
940908
940909
940910
940911
940912
940913
940914
940915
940916
940917
940918
940919
940920
940921
940922
940923
940924
940925
940926
940927
940928
940929
940930
940931
941001
941002
941003
941004
941005
941006
941007
941008
941009
941010
941011
941012
941013
941014
941015
941016
941017
941018
941019
941020
941021
941022
941023
941024
941025
941026
941027
941028
941029
941030
941031
941101
941102
941103
941104
941105
941106
941107
941108
941109
941110
941111
941112
941113
941114
941115
941116
941117
941118
941119
941120
941121
941122
941123
941124
941125
941126
941127
941128
941129
941130
941131
941201
941202
941203
941204
941205
941206
941207
941208
941209
941210
941211
941212
941213
941214
941215
941216
941217
941218
941219
941220
941221
941222
941223
941224
941225
941226
941227
941228
941229
941230
941231
950101
950102
950103
950104
950105
950106
950107
950108
950109
950110
950111
950112
950113
950114
950115
950116
950117
950118
950119
950120
950121
950122
950123
950124
950125
950126
950127
950128
950129
950130
950131
950201
950202
950203
950204
950205
950206
950207
950208
950209
950210
950211
950212
950213
950214
950215
950216
950217
950218
950219
950220
950221
950222
950223
950224
950225
950226
950227
950228
950229
950230
950231
950301
950302
950303
950304
950305
950306
950307
950308
950309
950310
950311
950312
950313
950314
950315
950316
950317
950318
950319
950320
950321
950322
950323
950324
950325
950326
950327
950328
950329
950330
950331
950401
950402
950403
950404
950405
950406
950407
950408
950409
950410
950411
950412
950413
950414
950415
950416
950417
950418
950419
950420
950421
950422
950423
950424
950425
950426
950427
950428
950429
950430
950431
950501
950502
950503
950504
950505
950506
950507
950508
950509
950510
950511
950512
950513
950514
950515
950516
950517
950518
950519
950520
950521
950522
950523
950524
950525
950526
950527
950528
950529
950530
950531
950601
950602
950603
950604
950605
950606
950607
950608
950609
950610
950611
950612
950613
950614
950615
950616
950617
950618
950619
950620
950621
950622
950623
950624
950625
950626
950627
950628
950629
950630
950631
950701
950702
950703
950704
950705
950706
950707
950708
950709
950710
950711
950712
950713
950714
950715
950716
950717
950718
950719
950720
950721
950722
950723
950724
950725
950726
950727
950728
950729
950730
950731
950801
950802
950803
950804
950805
950806
950807
950808
950809
950810
950811
950812
950813
950814
950815
950816
950817
950818
950819
950820
950821
950822
950823
950824
950825
950826
950827
950828
950829
950830
950831
950901
950902
950903
950904
950905
950906
950907
950908
950909
950910
950911
950912
950913
950914
950915
950916
950917
950918
950919
950920
950921
950922
950923
950924
950925
950926
950927
950928
950929
950930
950931
951001
951002
951003
951004
951005
951006
951007
951008
951009
951010
951011
951012
951013
951014
951015
951016
951017
951018
951019
951020
951021
951022
951023
951024
951025
951026
951027
951028
951029
951030
951031
951101
951102
951103
951104
951105
951106
951107
951108
951109
951110
951111
951112
951113
951114
951115
951116
951117
951118
951119
951120
951121
951122
951123
951124
951125
951126
951127
951128
951129
951130
951131
951201
951202
951203
951204
951205
951206
951207
951208
951209
951210
951211
951212
951213
951214
951215
951216
951217
951218
951219
951220
951221
951222
951223
951224
951225
951226
951227
951228
951229
951230
951231
960101
960102
960103
960104
960105
960106
960107
960108
960109
960110
960111
960112
960113
960114
960115
960116
960117
960118
960119
960120
960121
960122
960123
960124
960125
960126
960127
960128
960129
960130
960131
960201
960202
960203
960204
960205
960206
960207
960208
960209
960210
960211
960212
960213
960214
960215
960216
960217
960218
960219
960220
960221
960222
960223
960224
960225
960226
960227
960228
960229
960230
960231
960301
960302
960303
960304
960305
960306
960307
960308
960309
960310
960311
960312
960313
960314
960315
960316
960317
960318
960319
960320
960321
960322
960323
960324
960325
960326
960327
960328
960329
960330
960331
960401
960402
960403
960404
960405
960406
960407
960408
960409
960410
960411
960412
960413
960414
960415
960416
960417
960418
960419
960420
960421
960422
960423
960424
960425
960426
960427
960428
960429
960430
960431
960501
960502
960503
960504
960505
960506
960507
960508
960509
960510
960511
960512
960513
960514
960515
960516
960517
960518
960519
960520
960521
960522
960523
960524
960525
960526
960527
960528
960529
960530
960531
960601
960602
960603
960604
960605
960606
960607
960608
960609
960610
960611
960612
960613
960614
960615
960616
960617
960618
960619
960620
960621
960622
960623
960624
960625
960626
960627
960628
960629
960630
960631
960701
960702
960703
960704
960705
960706
960707
960708
960709
960710
960711
960712
960713
960714
960715
960716
960717
960718
960719
960720
960721
960722
960723
960724
960725
960726
960727
960728
960729
960730
960731
960801
960802
960803
960804
960805
960806
960807
960808
960809
960810
960811
960812
960813
960814
960815
960816
960817
960818
960819
960820
960821
960822
960823
960824
960825
960826
960827
960828
960829
960830
960831
960901
960902
960903
960904
960905
960906
960907
960908
960909
960910
960911
960912
960913
960914
960915
960916
960917
960918
960919
960920
960921
960922
960923
960924
960925
960926
960927
960928
960929
960930
960931
961001
961002
961003
961004
961005
961006
961007
961008
961009
961010
961011
961012
961013
961014
961015
961016
961017
961018
961019
961020
961021
961022
961023
961024
961025
961026
961027
961028
961029
961030
961031
961101
961102
961103
961104
961105
961106
961107
961108
961109
961110
961111
961112
961113
961114
961115
961116
961117
961118
961119
961120
961121
961122
961123
961124
961125
961126
961127
961128
961129
961130
961131
961201
961202
961203
961204
961205
961206
961207
961208
961209
961210
961211
961212
961213
961214
961215
961216
961217
961218
961219
961220
961221
961222
961223
961224
961225
961226
961227
961228
961229
961230
961231
970101
970102
970103
970104
970105
970106
970107
970108
970109
970110
970111
970112
970113
970114
970115
970116
970117
970118
970119
970120
970121
970122
970123
970124
970125
970126
970127
970128
970129
970130
970131
970201
970202
970203
970204
970205
970206
970207
970208
970209
970210
970211
970212
970213
970214
970215
970216
970217
970218
970219
970220
970221
970222
970223
970224
970225
970226
970227
970228
970229
970230
970231
970301
970302
970303
970304
970305
970306
970307
970308
970309
970310
970311
970312
970313
970314
970315
970316
970317
970318
970319
970320
970321
970322
970323
970324
970325
970326
970327
970328
970329
970330
970331
970401
970402
970403
970404
970405
970406
970407
970408
970409
970410
970411
970412
970413
970414
970415
970416
970417
970418
970419
970420
970421
970422
970423
970424
970425
970426
970427
970428
970429
970430
970431
970501
970502
970503
970504
970505
970506
970507
970508
970509
970510
970511
970512
970513
970514
970515
970516
970517
970518
970519
970520
970521
970522
970523
970524
970525
970526
970527
970528
970529
970530
970531
970601
970602
970603
970604
970605
970606
970607
970608
970609
970610
970611
970612
970613
970614
970615
970616
970617
970618
970619
970620
970621
970622
970623
970624
970625
970626
970627
970628
970629
970630
970631
970701
970702
970703
970704
970705
970706
970707
970708
970709
970710
970711
970712
970713
970714
970715
970716
970717
970718
970719
970720
970721
970722
970723
970724
970725
970726
970727
970728
970729
970730
970731
970801
970802
970803
970804
970805
970806
970807
970808
970809
970810
970811
970812
970813
970814
970815
970816
970817
970818
970819
970820
970821
970822
970823
970824
970825
970826
970827
970828
970829
970830
970831
970901
970902
970903
970904
970905
970906
970907
970908
970909
970910
970911
970912
970913
970914
970915
970916
970917
970918
970919
970920
970921
970922
970923
970924
970925
970926
970927
970928
970929
970930
970931
971001
971002
971003
971004
971005
971006
971007
971008
971009
971010
971011
971012
971013
971014
971015
971016
971017
971018
971019
971020
971021
971022
971023
971024
971025
971026
971027
971028
971029
971030
971031
971101
971102
971103
971104
971105
971106
971107
971108
971109
971110
971111
971112
971113
971114
971115
971116
971117
971118
971119
971120
971121
971122
971123
971124
971125
971126
971127
971128
971129
971130
971131
971201
971202
971203
971204
971205
971206
971207
971208
971209
971210
971211
971212
971213
971214
971215
971216
971217
971218
971219
971220
971221
971222
971223
971224
971225
971226
971227
971228
971229
971230
971231
980101
980102
980103
980104
980105
980106
980107
980108
980109
980110
980111
980112
980113
980114
980115
980116
980117
980118
980119
980120
980121
980122
980123
980124
980125
980126
980127
980128
980129
980130
980131
980201
980202
980203
980204
980205
980206
980207
980208
980209
980210
980211
980212
980213
980214
980215
980216
980217
980218
980219
980220
980221
980222
980223
980224
980225
980226
980227
980228
980229
980230
980231
980301
980302
980303
980304
980305
980306
980307
980308
980309
980310
980311
980312
980313
980314
980315
980316
980317
980318
980319
980320
980321
980322
980323
980324
980325
980326
980327
980328
980329
980330
980331
980401
980402
980403
980404
980405
980406
980407
980408
980409
980410
980411
980412
980413
980414
980415
980416
980417
980418
980419
980420
980421
980422
980423
980424
980425
980426
980427
980428
980429
980430
980431
980501
980502
980503
980504
980505
980506
980507
980508
980509
980510
980511
980512
980513
980514
980515
980516
980517
980518
980519
980520
980521
980522
980523
980524
980525
980526
980527
980528
980529
980530
980531
980601
980602
980603
980604
980605
980606
980607
980608
980609
980610
980611
980612
980613
980614
980615
980616
980617
980618
980619
980620
980621
980622
980623
980624
980625
980626
980627
980628
980629
980630
980631
980701
980702
980703
980704
980705
980706
980707
980708
980709
980710
980711
980712
980713
980714
980715
980716
980717
980718
980719
980720
980721
980722
980723
980724
980725
980726
980727
980728
980729
980730
980731
980801
980802
980803
980804
980805
980806
980807
980808
980809
980810
980811
980812
980813
980814
980815
980816
980817
980818
980819
980820
980821
980822
980823
980824
980825
980826
980827
980828
980829
980830
980831
980901
980902
980903
980904
980905
980906
980907
980908
980909
980910
980911
980912
980913
980914
980915
980916
980917
980918
980919
980920
980921
980922
980923
980924
980925
980926
980927
980928
980929
980930
980931
981001
981002
981003
981004
981005
981006
981007
981008
981009
981010
981011
981012
981013
981014
981015
981016
981017
981018
981019
981020
981021
981022
981023
981024
981025
981026
981027
981028
981029
981030
981031
981101
981102
981103
981104
981105
981106
981107
981108
981109
981110
981111
981112
981113
981114
981115
981116
981117
981118
981119
981120
981121
981122
981123
981124
981125
981126
981127
981128
981129
981130
981131
981201
981202
981203
981204
981205
981206
981207
981208
981209
981210
981211
981212
981213
981214
981215
981216
981217
981218
981219
981220
981221
981222
981223
981224
981225
981226
981227
981228
981229
981230
981231
990101
990102
990103
990104
990105
990106
990107
990108
990109
990110
990111
990112
990113
990114
990115
990116
990117
990118
990119
990120
990121
990122
990123
990124
990125
990126
990127
990128
990129
990130
990131
990201
990202
990203
990204
990205
990206
990207
990208
990209
990210
990211
990212
990213
990214
990215
990216
990217
990218
990219
990220
990221
990222
990223
990224
990225
990226
990227
990228
990229
990230
990231
990301
990302
990303
990304
990305
990306
990307
990308
990309
990310
990311
990312
990313
990314
990315
990316
990317
990318
990319
990320
990321
990322
990323
990324
990325
990326
990327
990328
990329
990330
990331
990401
990402
990403
990404
990405
990406
990407
990408
990409
990410
990411
990412
990413
990414
990415
990416
990417
990418
990419
990420
990421
990422
990423
990424
990425
990426
990427
990428
990429
990430
990431
990501
990502
990503
990504
990505
990506
990507
990508
990509
990510
990511
990512
990513
990514
990515
990516
990517
990518
990519
990520
990521
990522
990523
990524
990525
990526
990527
990528
990529
990530
990531
990601
990602
990603
990604
990605
990606
990607
990608
990609
990610
990611
990612
990613
990614
990615
990616
990617
990618
990619
990620
990621
990622
990623
990624
990625
990626
990627
990628
990629
990630
990631
990701
990702
990703
990704
990705
990706
990707
990708
990709
990710
990711
990712
990713
990714
990715
990716
990717
990718
990719
990720
990721
990722
990723
990724
990725
990726
990727
990728
990729
990730
990731
990801
990802
990803
990804
990805
990806
990807
990808
990809
990810
990811
990812
990813
990814
990815
990816
990817
990818
990819
990820
990821
990822
990823
990824
990825
990826
990827
990828
990829
990830
990831
990901
990902
990903
990904
990905
990906
990907
990908
990909
990910
990911
990912
990913
990914
990915
990916
990917
990918
990919
990920
990921
990922
990923
990924
990925
990926
990927
990928
990929
990930
990931
991001
991002
991003
991004
991005
991006
991007
991008
991009
991010
991011
991012
991013
991014
991015
991016
991017
991018
991019
991020
991021
991022
991023
991024
991025
991026
991027
991028
991029
991030
991031
991101
991102
991103
991104
991105
991106
991107
991108
991109
991110
991111
991112
991113
991114
991115
991116
991117
991118
991119
991120
991121
991122
991123
991124
991125
991126
991127
991128
991129
991130
991131
991201
991202
991203
991204
991205
991206
991207
991208
991209
991210
991211
991212
991213
991214
991215
991216
991217
991218
991219
991220
991221
991222
991223
991224
991225
991226
991227
991228
991229
991230
991231
000101
000102
000103
000104
000105
000106
000107
000108
000109
000110
000111
000112
000113
000114
000115
000116
000117
000118
000119
000120
000121
000122
000123
000124
000125
000126
000127
000128
000129
000130
000131
000201
000202
000203
000204
000205
000206
000207
000208
000209
000210
000211
000212
000213
000214
000215
000216
000217
000218
000219
000220
000221
000222
000223
000224
000225
000226
000227
000228
000229
000230
000231
000301
000302
000303
000304
000305
000306
000307
000308
000309
000310
000311
000312
000313
000314
000315
000316
000317
000318
000319
000320
000321
000322
000323
000324
000325
000326
000327
000328
000329
000330
000331
000401
000402
000403
000404
000405
000406
000407
000408
000409
000410
000411
000412
000413
000414
000415
000416
000417
000418
000419
000420
000421
000422
000423
000424
000425
000426
000427
000428
000429
000430
000431
000501
000502
000503
000504
000505
000506
000507
000508
000509
000510
000511
000512
000513
000514
000515
000516
000517
000518
000519
000520
000521
000522
000523
000524
000525
000526
000527
000528
000529
000530
000531
000601
000602
000603
000604
000605
000606
000607
000608
000609
000610
000611
000612
000613
000614
000615
000616
000617
000618
000619
000620
000621
000622
000623
000624
000625
000626
000627
000628
000629
000630
000631
000701
000702
000703
000704
000705
000706
000707
000708
000709
000710
000711
000712
000713
000714
000715
000716
000717
000718
000719
000720
000721
000722
000723
000724
000725
000726
000727
000728
000729
000730
000731
000801
000802
000803
000804
000805
000806
000807
000808
000809
000810
000811
000812
000813
000814
000815
000816
000817
000818
000819
000820
000821
000822
000823
000824
000825
000826
000827
000828
000829
000830
000831
000901
000902
000903
000904
000905
000906
000907
000908
000909
000910
000911
000912
000913
000914
000915
000916
000917
000918
000919
000920
000921
000922
000923
000924
000925
000926
000927
000928
000929
000930
000931
001001
001002
001003
001004
001005
001006
001007
001008
001009
001010
001011
001012
001013
001014
001015
001016
001017
001018
001019
001020
001021
001022
001023
001024
001025
001026
001027
001028
001029
001030
001031
001101
001102
001103
001104
001105
001106
001107
001108
001109
001110
001111
001112
001113
001114
001115
001116
001117
001118
001119
001120
001121
001122
001123
001124
001125
001126
001127
001128
001129
001130
001131
001201
001202
001203
001204
001205
001206
001207
001208
001209
001210
001211
001212
001213
001214
001215
001216
001217
001218
001219
001220
001221
001222
001223
001224
001225
001226
001227
001228
001229
001230
001231
010101
010102
010103
010104
010105
010106
010107
010108
010109
010110
010111
010112
010113
010114
010115
010116
010117
010118
010119
010120
010121
010122
010123
010124
010125
010126
010127
010128
010129
010130
010131
010201
010202
010203
010204
010205
010206
010207
010208
010209
010210
010211
010212
010213
010214
010215
010216
010217
010218
010219
010220
010221
010222
010223
010224
010225
010226
010227
010228
010229
010230
010231
010301
010302
010303
010304
010305
010306
010307
010308
010309
010310
010311
010312
010313
010314
010315
010316
010317
010318
010319
010320
010321
010322
010323
010324
010325
010326
010327
010328
010329
010330
010331
010401
010402
010403
010404
010405
010406
010407
010408
010409
010410
010411
010412
010413
010414
010415
010416
010417
010418
010419
010420
010421
010422
010423
010424
010425
010426
010427
010428
010429
010430
010431
010501
010502
010503
010504
010505
010506
010507
010508
010509
010510
010511
010512
010513
010514
010515
010516
010517
010518
010519
010520
010521
010522
010523
010524
010525
010526
010527
010528
010529
010530
010531
010601
010602
010603
010604
010605
010606
010607
010608
010609
010610
010611
010612
010613
010614
010615
010616
010617
010618
010619
010620
010621
010622
010623
010624
010625
010626
010627
010628
010629
010630
010631
010701
010702
010703
010704
010705
010706
010707
010708
010709
010710
010711
010712
010713
010714
010715
010716
010717
010718
010719
010720
010721
010722
010723
010724
010725
010726
010727
010728
010729
010730
010731
010801
010802
010803
010804
010805
010806
010807
010808
010809
010810
010811
010812
010813
010814
010815
010816
010817
010818
010819
010820
010821
010822
010823
010824
010825
010826
010827
010828
010829
010830
010831
010901
010902
010903
010904
010905
010906
010907
010908
010909
010910
010911
010912
010913
010914
010915
010916
010917
010918
010919
010920
010921
010922
010923
010924
010925
010926
010927
010928
010929
010930
010931
011001
011002
011003
011004
011005
011006
011007
011008
011009
011010
011011
011012
011013
011014
011015
011016
011017
011018
011019
011020
011021
011022
011023
011024
011025
011026
011027
011028
011029
011030
011031
011101
011102
011103
011104
011105
011106
011107
011108
011109
011110
011111
011112
011113
011114
011115
011116
011117
011118
011119
011120
011121
011122
011123
011124
011125
011126
011127
011128
011129
011130
011131
011201
011202
011203
011204
011205
011206
011207
011208
011209
011210
011211
011212
011213
011214
011215
011216
011217
011218
011219
011220
011221
011222
011223
011224
011225
011226
011227
011228
011229
011230
011231
020101
020102
020103
020104
020105
020106
020107
020108
020109
020110
020111
020112
020113
020114
020115
020116
020117
020118
020119
020120
020121
020122
020123
020124
020125
020126
020127
020128
020129
020130
020131
020201
020202
020203
020204
020205
020206
020207
020208
020209
020210
020211
020212
020213
020214
020215
020216
020217
020218
020219
020220
020221
020222
020223
020224
020225
020226
020227
020228
020229
020230
020231
020301
020302
020303
020304
020305
020306
020307
020308
020309
020310
020311
020312
020313
020314
020315
020316
020317
020318
020319
020320
020321
020322
020323
020324
020325
020326
020327
020328
020329
020330
020331
020401
020402
020403
020404
020405
020406
020407
020408
020409
020410
020411
020412
020413
020414
020415
020416
020417
020418
020419
020420
020421
020422
020423
020424
020425
020426
020427
020428
020429
020430
020431
020501
020502
020503
020504
020505
020506
020507
020508
020509
020510
020511
020512
020513
020514
020515
020516
020517
020518
020519
020520
020521
020522
020523
020524
020525
020526
020527
020528
020529
020530
020531
020601
020602
020603
020604
020605
020606
020607
020608
020609
020610
020611
020612
020613
020614
020615
020616
020617
020618
020619
020620
020621
020622
020623
020624
020625
020626
020627
020628
020629
020630
020631
020701
020702
020703
020704
020705
020706
020707
020708
020709
020710
020711
020712
020713
020714
020715
020716
020717
020718
020719
020720
020721
020722
020723
020724
020725
020726
020727
020728
020729
020730
020731
020801
020802
020803
020804
020805
020806
020807
020808
020809
020810
020811
020812
020813
020814
020815
020816
020817
020818
020819
020820
020821
020822
020823
020824
020825
020826
020827
020828
020829
020830
020831
020901
020902
020903
020904
020905
020906
020907
020908
020909
020910
020911
020912
020913
020914
020915
020916
020917
020918
020919
020920
020921
020922
020923
020924
020925
020926
020927
020928
020929
020930
020931
021001
021002
021003
021004
021005
021006
021007
021008
021009
021010
021011
021012
021013
021014
021015
021016
021017
021018
021019
021020
021021
021022
021023
021024
021025
021026
021027
021028
021029
021030
021031
021101
021102
021103
021104
021105
021106
021107
021108
021109
021110
021111
021112
021113
021114
021115
021116
021117
021118
021119
021120
021121
021122
021123
021124
021125
021126
021127
021128
021129
021130
021131
021201
021202
021203
021204
021205
021206
021207
021208
021209
021210
021211
021212
021213
021214
021215
021216
021217
021218
021219
021220
021221
021222
021223
021224
021225
021226
021227
021228
021229
021230
021231
030101
030102
030103
030104
030105
030106
030107
030108
030109
030110
030111
030112
030113
030114
030115
030116
030117
030118
030119
030120
030121
030122
030123
030124
030125
030126
030127
030128
030129
030130
030131
030201
030202
030203
030204
030205
030206
030207
030208
030209
030210
030211
030212
030213
030214
030215
030216
030217
030218
030219
030220
030221
030222
030223
030224
030225
030226
030227
030228
030229
030230
030231
030301
030302
030303
030304
030305
030306
030307
030308
030309
030310
030311
030312
030313
030314
030315
030316
030317
030318
030319
030320
030321
030322
030323
030324
030325
030326
030327
030328
030329
030330
030331
030401
030402
030403
030404
030405
030406
030407
030408
030409
030410
030411
030412
030413
030414
030415
030416
030417
030418
030419
030420
030421
030422
030423
030424
030425
030426
030427
030428
030429
030430
030431
030501
030502
030503
030504
030505
030506
030507
030508
030509
030510
030511
030512
030513
030514
030515
030516
030517
030518
030519
030520
030521
030522
030523
030524
030525
030526
030527
030528
030529
030530
030531
030601
030602
030603
030604
030605
030606
030607
030608
030609
030610
030611
030612
030613
030614
030615
030616
030617
030618
030619
030620
030621
030622
030623
030624
030625
030626
030627
030628
030629
030630
030631
030701
030702
030703
030704
030705
030706
030707
030708
030709
030710
030711
030712
030713
030714
030715
030716
030717
030718
030719
030720
030721
030722
030723
030724
030725
030726
030727
030728
030729
030730
030731
030801
030802
030803
030804
030805
030806
030807
030808
030809
030810
030811
030812
030813
030814
030815
030816
030817
030818
030819
030820
030821
030822
030823
030824
030825
030826
030827
030828
030829
030830
030831
030901
030902
030903
030904
030905
030906
030907
030908
030909
030910
030911
030912
030913
030914
030915
030916
030917
030918
030919
030920
030921
030922
030923
030924
030925
030926
030927
030928
030929
030930
030931
031001
031002
031003
031004
031005
031006
031007
031008
031009
031010
031011
031012
031013
031014
031015
031016
031017
031018
031019
031020
031021
031022
031023
031024
031025
031026
031027
031028
031029
031030
031031
031101
031102
031103
031104
031105
031106
031107
031108
031109
031110
031111
031112
031113
031114
031115
031116
031117
031118
031119
031120
031121
031122
031123
031124
031125
031126
031127
031128
031129
031130
031131
031201
031202
031203
031204
031205
031206
031207
031208
031209
031210
031211
031212
031213
031214
031215
031216
031217
031218
031219
031220
031221
031222
031223
031224
031225
031226
031227
031228
031229
031230
031231
